----------------------------------
SN:14240 Ver 2.2
Start Time 09:30:00
Start Date 10-18-2005
Epoch Period (hh:mm:ss) 00:01:00
Download Time 11:30:01
Download Date 11-28-2005
Current Memory Address: 10197
Battery Life Remaining:  3562 hrs 
----------------------------------
       0       0       0       0       0       0       0       0       0       0     445    1264    1773       0       0       0       0       0       0    3185    4062    5189    1299     703      24      26      92     580      67     369    1112     400    1650      51     359    1851    1493    1034    1130    1544    1092    2077    2048    1223    1355    1378    1581     850    1507    1427    1312     769    1257    3572    1529    1748     982     812     931     258
    2495    1568     844     283     132     256     820     220     251      27     185     402     232     953    3075     656    1951     741    3013     452    1489    1061    2123     157     874    2394    1075      29    4008    2404    1454    1313    2782     445    2942     665      61    4339    6672    2050    2615    1404     121      51     200    1211    1161    1474    1466    1891    1519    1719    1298    1813    1691     846    1092    2132    1100    2372
     781     103     618    1327     419    1417    3084     405     674     154     338     437     305      69     165     115      94     122      48      12      83      31      97     258     246     179     249     510    1322     979     797     570    2025    5337     956    3440    3027    2161     920    1627     169     122    1404    1369     180     946     155     866     462     333      44    1448    1519    2550    1942    1227     603     644    1380     727
     673    1157      72      19      59    1738     247     260     755     482     756      47     149    1764    1167     222     302     173     113    1256      72      88     124      19     184     143     120     260    2110     285     818    1466    5413    1996    3186    5414     784     125      62     224      27      50     652     198     301    4902    1190     475      72    2373      27     110    2245    2423     794     493     376     301     972    2038
    1798     933     598     399     561     271      66      92     588     244      48      22     770      69     557    1237     400      93     397     278      74    1012      45      83     106      19      54     320     443     273       0     316     902    5785     853    2929     497    1944    4967    2131    1754     779     255     187    2110     387     670     740     655     345    2545    1286    1291     269    2042    1387    1118     596    1650    2178
     945     420     231    1220    1246    1623     818    2093    4089    2566     706     218     698    1341    3916     838    1364     956     984    1862    3358     323    3376    2398     330     125     148    1190    1290     177       6      52     366     176     696    1015    1098    1063    1256     705      87     863      40      14      68      41       5      16       0     337     295    1108      66     369       0     288      94     605     623     344
     752     737    1622    2983    1089    1580     872    3160    3005    3726    4913    3743    3351    3960    3629    3982    3592    3669    1657    2490     493    1224     179    1012      21      59       2       0       0       1       0       0     486     582       0       6       0       0     367       0       0     406     157      97      70     101      16       4      11      44       0      46     175     781     550       3       0       0     209      54
       0       0       0      99      53       1       0      88     403       0     350     763    1326    2599    1271     163      99     162     293    1399    2330     345    2106     876    1344    2011    1980      38     207     303     202    1909     922     817    2993    2411     522     651    1511     116     440      27     137     748    1134     758     969     917       9       0       2     794    1993     422     402      65     107    1406    3936     508
     738     750     349     123     285      92      68     212     183      63      37     127      13     166     248      96      84     234       1      74      83     613     653     696    2241     299     227     246     916      17     535     170       5       3      23      23      55      42       0      42     173       1     209     347       4      13       6      80      88     153     212     123    1304     344     459     162     352    1194     466     879
     731     546     364    1166     323     119     484     107     293    1598     253     392     655    1565     572     350     134     117     133    1728     493     799       3     147      46     186    1171    2745    2986    3417     618     261     203     218     164     263      53     138     506      75      60      74     159     200      48     315     253     226     202     662     105     417     258     681     397     148     212     300    2043    2402
    1382    1472    1796    1078    2268      63     157     733     278      18      10       9     145    1763     271    1277     793    1706      43      27       1       2      27      13     284      40     883       1     252     951    2191    1036     335     402     240    2064    2698    3547    3361    2997    3131    2076    3845    2883    2533    2310    1222     572     570     702    2259     649     212     928      26     530    1929    1219    1300     841
     456    1366      93     453     497    2799     334    1073     315     258     318      31      25      56     251      85     125     128     172     304     876     326      90     358     283      30     131      36     115      19     176     167     223     909    2769     408     652     829       1       1      39      10      13      14     342     524    2310    1947    1421     389    1478      59     591      89     209      86      80     161      10       0
       0     166       0     232     325     446    2286     497     650     558    1996     919    2192    2079       2       0       0       0       0       0       0       0       0       0       0       0       0       0       0       0       0       0       0       0       0       0       0       0       0       0       0       0       0       0       0       0       0       0       0       0       0       0       0       0       0       0       0       0       0       0
       0       0       0       0       0       0       0       0       0       0       0       0       0       0       0       0       0       0       0       0       0       0       0       0       0       0       0       0       0       0       0       0       0       0       0       0       0       0       0       0       0       0       0       0       0       0       0       0       0       0       0       0       0       0       0       0       0       0       0       0
       0       0       0       0       0       0       0       0       0       0       0       0       0       0       0       0       0       0       0       0       0       0       0       0       0       0       0       0       0       0       0       0       0       0       0       0       0       0       0       0       0       0       0       0       0       0       0       0       0       0       0       0       0       0       0       0       0       0       0       0
       0       0       0       0       0       0       0       0       0       0       0       0       0       0       0       0       0       0       0       0       0       0       0       0       0       0       0       0       0       0       0       0       0       0       0       0       0       0       0       0       0       0       0       0       0       0       0       0       0       0       0       0       0       0       0       0       0       0       0       0
       0       0       0       0       0       0       0       0       0       0       0       0       0       0       0       0       0       0       0       0       0       0       0       0       0       0       0       0       0       0       0       0       0       0       0       0       0       0       0       0       0       0       0       0       0       0       0       0       0       0       0       0       0       0       0       0       0       0       0       0
       0       0       0       0       0       0       0       0       0       0       0       0       0       0       0       0       0       0       0       0       0       0       0       0       0       0       0       0       0       0       0       0       0       0       0       0       0       0       0       0       0       0       0       0       0       0       0       0       0       0       0       0       0       0       0       0       0       0       0       0
       0       0       0       0       0       0       0       0       0       0       0       0       0       0       0       0       0       0       0       0       0       0       0       0       0       0       0       0       0       0       0       0       0       0       0       0       0       0       0       0       0       0       0       0       0       0       0       0       0       0       0       0       0       0       0       0       0       0       0       0
       0       0       0       0       0       0       0       0       0       0       0       0       0       0       0       0       0       0       0       0       0       0       0       0       0       0       0       0       0       0       0       0       0       0       0       0       0       0       0       0       0       0       0       0       0       0       0       0       0       0       0       0       0       0       0       0       0       0       0       0
       0       0       0       0       0       0       0       0       0       0       0       0       0       0       0       0       0       0       0       0       0       0       0       0       0       0       0       0       0       0       0       0       0       0       0       0       0       0       0       0       0       0       0       0       0       0       0       0       0       0       0       0       0       0       0       0       0       0       0       0
       0       0       0       0       0       0       0       0       0       0       0       0       0       0       0       0       0       0       0       0       0       0       0       0       0       0       0       0       0       0       0       0       0       0       0       0       0       0       0       0       0       0       0       0       0       0       0       0       0       0       0       0       0       0       0       0       0       0       0       0
       0       0       0       0       0       0       0       0       0       0       0       0       0       0       0       0       0       0       0       0       0       0       0       0       0       0       0       0       0       0       0       0       0       0       0       0       0       0       0       0       0       0       0       0       0       0       0       0       0       0    1713    1141     353       4     189     220     200      52     396     623
    1385    1543    1136    2661    1144    2972    2129    1316    1233     118    1045     314     353      58     198     217     186      90     840    1707    1030     215     771     145     137     489     209     141       5       0      25      11       1     511      51      35       7     475    2381     137     317     198     607     386     395      26     540    1375       0       0       0       0       0       1      65       7       0      64       3     175
      30       0     697   15305   21013    9685    1197    2258     987    1390     997    1317     928    1037     269     451     820    1472    1207      82      86     114     103     112     669     297     265     445     752    1065    2216     203    1490    1559    1590    1680     727     167     267     414     971     665     252      46     649     644      38     554    3052    1364     426     266     157    1608     391     460     652     455      35      41
      75     132     190     202      75      74      55      46     635     341      32      32     211     121      27     601     923      92     112     605     427     187     188      67     198     126     124     105    1128     293     610     192       1       6     774    1073    1204     355     954    1102    2226    1459     769    1422    1078     295      10       0      23      49      11      40       0       6      32      28      51      22      30      46
      29      20     371     278       0       0      32     292      67      67      49     179      54      49      91      54     100     185     113      44      81     101       3       6     115     159      30       0       0       0       0      85     733    1072     726     548    2650    1119     998    1766    1755    1035    1930    1811    2909      55    1789    1940     410     197     634     213     376     878     175     102     598     658    2056    1331
     872     768     893     595    1154    1118     826      86     358     799      10     137      55     389     802    2518    2833    4225    2835    2597    3893    2318    2658    2929    3026    2505    1227    2496    3403    1546    2626    5300    2479    2249    3934    2318    1217    3337     851     163     729     285     113     299    1254     171      91      74     210     224     397    1308    1268    2113    1611    1575     538    1377     848     847
     535     221    1071    1221     604     477     304    1879    1657     525    1406     979     302    1023     793     837     736     108     181     150     235     143     196     113     128      21     358     802     927    1211    2828     306     972     802     290     390     935    1839    3999    3429     780     123    1301    2179    1636    1246    1884     685     624    2610     822     379    1872    3572     766    1125    1165    2887    1003     327
      52     261     216     121     129      38     133     187      71     121     244     431     207     428    1747    1465    1134     500     889      61     163     275     253     102      93     113      54     178     117     113     107     468     528     218    1735    2464     194     108    1024     605     498     310    1101    1538    2606    1926     614     643    2677     879     190     238     179     790     324     185     283     933     124     679
     304     134     772     256     430     605     462     415      89     360     862     645     704     596     427     899    1416    1574    2139    1260     224     870     301     155     673    1470     376    1706     931     322     688     920     886     973    1258    1622    1471     782     555     578    1509     563    1369    1628     680     707     252     180     418    1309     667     818     797     555    1594    1457     295     721    1040     715
     281     832     749    1688     749     583     592     394    1048    4133    2940    1234    2426     489     188     588    1026    1631    1085    3274    1741     852    3305    4202    3298    1678     114     160     982     326      88     328     642     853     687     469     701     390     574    3789     434    1710    4227     356      45     348     245     684     187     602     458     433     332     442    1075     156     487     625     506     170
     604     640     458     406    1344     924     977     545     696     633    1866     453    1602    1206    1824    4429    3797     435     516     494     297     106     327     705    1400    1105     925    1173     596    1694     450    2084     601    2115     576     570    1405    1243     234     273     396     479     270    1249     471      69     118     120    1520     148     104      75      96    1396    1663     476     645    1095     400     231
     200    1143     443    1171     375     441     677    2846     412     574     923     306     181     325     517    1414    1045    2080     395    1815     975    1301     206     397     219     253     128      40     610    1290     810    1274     514     274     146     197     234     370     531     421     134      84     190     167     204     183     143     209      35      39     621      96     107      39      29     267       4       5     123      86
       0      12     112       6      74     169     907     277      18       7       0       2       0       7       0      78     711      43     777      17       0       0       0       0       1      61     169       1      57      16      59       0     141       8       0      60       0      21       0      12       0      64     430     546     487       0       0       0     189     665     464    1331    1880     838     155     521       1      21       1       6
      40     237     706     269       7     540       0       0       0       0       0       0      97       1       0       0       0      26     135       0     460      15     109    1614    2771    4053       5       0       0       0       0       0       0       0       0       0       0       0       0       0       0       0       0       0       0       0       0       0       0       0       0       0       0       0       6       0       0       0       0       0
       0       0       0       0       0       0       0       0       0       0       0       0       0       0       0       0       0       0       0       0       0       0       0       0       0       0       0       0       0       0       0       0       0       0       0       0       0       0       0       0       0       0       0       0       0       0       0       0       0       0       0       0       0       0       0       0       0       0       0       0
       0       0       0       0       0       0       0       0       0       0       0       0       0       0       0       0       0       0       0       0       0       0       0       0       0       0       0       0       0       0       0       0       0       0       0       0       0       0       0       0       0       0       0       0       0       0       0       0       0       0       0       0       0       0       0       0       0       0       0       0
       0       0       0       0       0       0       0       0       0       0       0       0       0       0       0       0       0       0       0       0       0       0       0       0       0       0       0       0       0       0       0       0       0       0       0       0       0       0       0       0       0       0       0       0       0       0       0       0       0       0       0       0       0       0       0       0       0       0       0       0
       0       0       0       0       0       0       0       0       0       0       0       0       0       0       0       0       0       0       0       0       0       0       0       0       0       0       0       0       0       0       0       0       0       0       0       0       0       0       0       0       0       0       0       0       0       0       0       0       0       0       0       0       0       0       0       0       0       0       0       0
       0       0       0       0       0       0       0       0       0       0       0       0       0       0       0       0       0       0       0       0       0       0       0       0       0       0       0       0       0       0       0       0       0       0       0       0       0       0       0       0       0       0       0       0       0       0       0       0       0       0       0       0       0       0       0       0       0       0       0       0
       0       0       0       0       0       0       0       0       0       0       0       0       0       0       0       0       0       0       0       0       0       0       0       0       0       0       0       0       0       0       0       0       0       0       0       0       0       0       0       0       0       0       0       0       0       0       0       0       0       0       0       0       0       0       0       0       0       0       0       0
       0       0       0       0       0       0       0       0       0       0       0       0       0       0       0       0       0       0       0       0       0       0       0       0       0       0       0       0       0       0       0       0       0       0       0       0       0       0       0       0       0       0       0       0       0       0       0       0       0       0       0       0       0       0       0       0       0       0       0       0
       0       0       0       0       0       0       0       0       0       0       0       0       0       0       0       0       0       0       0       0       0       0       0       0       0       0       0       0       0       0       0       0       0       0       0       0       0       0       0       0       0       0       0       0       0       0       0       0       0       0       0       0       0       0       0       0       0       0       0       0
       0       0       0       0       0       0       0       0       0       0       0       0       0       0       0       0       0       0       0       0       0       0       0       0       0       0       0       0       0       0       0       0       0       0       0       0       0       0       0       0       0       0       0       0       0       0       0       0       0       0       0       0       0       0       0       0       0       0       0       0
       0       0       0       0       0       0       0       0       0       0       0       0       0       0       0       0       0       0       0       0       0       0       0       0       0       0       0       0       0       0       0       0       0       0       0       0       0       0       0       0       0       0       0       0       0       0       0       0       0       0       0       0       0       0       0       0       0       0       0       0
       0       0       0       0       0       0       0       0       0       0       0       0       0       0       0       0       0       0       0       0       0       0       0       0       0       0       0       0       0       0       0       0       0       0       0       0       0       0       0       0       0       0       0       0       0       0       0       0       0       0       0       0       0       0       0       0       0       0       0       0
       0       0       0       0       0       0       0       0       0       0       0       0       0       0       8       0       6       0       0       0       0       0       0       0       0       0       0       0       0       0       0       0       0       0       0       0       0       0       0       0       0       0       0       0       0       0       0       0       0       0       0       0       0       0       0       0       0       0       0       0
       0       0       0       0       0       0       0    1477     597     232    1408    1166    1464    2571     991     366    1844      18     376    1398     594     432     544     931     986     416     966    1247     218       5     478     925     797     137     579     271     142     112     160      13     987    1666      49     275     232      22      20      19      79     274     114     107      26      59      89     518     257    2444    1435    2263
     312     328     566     560     738    2675     862     863     281     542     227     433      21     431     733     583     314     940    2142    2516     982     592    1054    1214    1232     283     418     694     496    1540     266     122     899     459     127     624     202     985     320     153     923    2675     554     286     444      44    1678     782    1347     269    1874    2092    2293    1248      46     284     130      33      22      44
       6      30     331     103      44      52      35      92     129      80    4812     782    1797    1792     120     545     732      35      34     143     896    1987    1916     256     352     104     784    1680    3641    1187      20     993     744    1456    1962     813     619    2535     775     694     214     973     967    1174     455     727     371     781     617    1668     792    2559    3211    2485     830     618     633     275      64    1537
    1865    2604    2380    3186    3167    2284    2572    1641     340      94     385     145     450     564     182    1386    2016     970     697      76     275     134     174     479     520     231      95      41     177      20      55      94      64      37     528      80      70     698     664      98      92    1159    2772    1187     561     397    1875    1311     188      67      91     102      45     317     365     314     119     194     133     405
     856      22     339      16       3       1       0       1    1149       3       0      23     116    1172     444    1513     704     724     680    1327    2122    2435     373    2061    1294    1705    1879     721     404      97      25     101     109     144     184      27      94     171     109     103     127     352    2407     795     226     635     206      44      47     309     604     682      18     221      75     104     159     414     129     241
     180     489      28     577     840    2145    3698    1487     466      77    2450     329     446     374     906     815     958    1373     624     917    1043    1295    1453    1684     680     465     417    1179     136     592     372     772    1956     951     681    1752    1384    1371    1515     991    2635    1864    1869    2546    2386     767    1759    3304    1206    1800    1164    1451     439     434    5399    5203    1125     568     842    3860
     702    4778    1606    2493    1557     444     128      21     449     386    1395      18      18     105      20      73     223     401     206     365     728     157     377     185    2642     916     266     738     832    1526     114     202     797    1417     160      60     771    2568    1239    2111    3498    1425    1450    1651     310     671     772     899    1621     191    1748     643    3561    5255    3313     491     314     726    1644    3534
    1629    1100     850    1221    1635     126     128     809     619     907     102     546      88    1061    2517     382    1070     774    1079    1646     697     267    1512    1595     384    1196    1170    1427     295     843     755     778     735    1750     936     623     576    1096    1244    1420    1183     245     453    1148     712     353     138     284     263     683     624    1234     718     440    1940    2183     222     603    2481     693
    3781    1684     525    2644     725    3600    3937    6934    2584    1015    3650    2824    4388    4138    1355    1166     969    1077     450    1432     848    1409    2577    1352    3169    3331     930    1193    1646     763     939     788    1018     740     243    1131    1051      98     562     469     175     714     350    2351    1168     382     456     172    1815    2752    1992     373     862     404     102      59     882     387     445     141
      68      39     166    1400      72    1314     391    2734     289     101     932     263     273      36    1237    1761     132       6      63      17    1645    1705    1581     237     338     310     458      50     401     616     670      31    1223    1242    1335     902     315    1572     769    1757     724    1136    1102      89      76     941     446      72       0      34      54       0     369     299    1441    2001      72      72     555      26
     119       0     410     368    1275       0       2       1     167     586      40      13      27       4      27      60      67      43       9      24      20      17    1024     535     621    1877     707     546     503     727       3     822    1324     490     662      83     878      23     602    1613    2817       0       0       0       0       4     509     272    1519     765     218    1274      45       4     201      72     529      25     328     459
     204      86     311      14      73      63     103      82      37      63       7      41      41      42      21       3     103      46      44       1     107      96      46     158      53      89     125      97      49       1       6      93      29       0      12      15      25      20      37     120     195      57      82     342     116     648     690    1547     799      85       7      18       8      36     130      57      22      10      28    1205
      65     516      92      66       4       0       1       0       0      92    1941    1386      37       0       0       0       0       0       0       0       0       0       0       0       0       0       0       0       0       0       0       0       0       0       0       0       0       0       0       0       0       0       0       0       0       0       0       0       0       0       0       0       0       0       0       0       0       0       0       0
       0       0       0       0       0       0       0       0       0       0       0       0       0       0       0      11       0       0       0       0       0       0       0       0       0       0       0      74       1      13       0       0       0       0       0       0       0       2       0       0      23      63      91       0       0       0       0       0       0       0       0       0       0       0     116      26       0       0       0       0
       0       0       0       0       0       0       0       0       0       0       0       0       0       0       0       0       0       0       0       0       0       0       0       0       0       0       0       1       0       0       0       0      74      70       3       0       0       0       0       0       0       0       0       0      59       3       0       0       0       0       0       0       0       0       0     110      93       0       0       0
       0       0       0       0       0       0       0       0       0       0       0       0       0       0       0       0       0       1       0       0       0       0       7       0       0       0       0       0       0       0       0       0      96       0       0       0       0       0       0       0       0       0       0       0       0       0       0       0       0       0       0       0       0       0       0       0     166      34       0       0
       0       0       0       0       0       0       0       0       0       0       0       0       0       0       0       0       0       0       0       0       0       0       0       0       0       0       0       0       0       0       0       0       0       0       0       0       0       0       0       0       0       0       0       0       0       0       7       4       0       0       0       0       0       0      15       0       7       0       0       0
       0       0       0       0       0       0      16       0       0       0      11       0       0       0       0       0       0       0       0       0       0       0       0       0       0       0       0       0       0       0       0       0       0       0       0       0       0       0       0       0       0       0       0       0       0       0       0       0       0       0       0       0       0       0       0       0       0       0       0       0
       0       0       0       0       0       0       0       0       0       0       0       0       0      45       0       0       0       0       0       0       0       4       0       0       7       0       0     222       0       0       0       0       0       0       0       0       0       0      17       0       0       0       0       0       0       0       5      90       0      15       0       0       0       0       0       0       0       0       0       0
       0       0       0       0       0       0       0       0       0     202       3       0       2     532       0       0       0       0       0     337       0     524       0       0       0       0       0       0       0       0       0       0       0       0       0       0       0       0       0       0       0       0       0       0       0       0       0       0       0       0     119       0       0       0       0       0       0       0       0     111
       0       0       0       0       0       0       0       0       0       0       0       0       0       0       0       0       0       0       0       0       0       0       0       0       0       0       0       0       0       0       0       0       0       0       0       0       0       0       0       0       0       0       0       0      50      19      39       0       0       0       6      11      82       0       0       0       1       0       0     163
     203       0       1       0       0       0       0       0       0       0       0       0       0       0       0       6       0      22       0       0     164       0       0       0     641       0       3       0       0       0       3       0       0       0       0      16       1       0       0       0       0       0       0       0       0      19       0       0       0       0       0       0       0       0       0       0       0       0       0       0
       0       0      57     896     720    1866     228      25     147     152     311     583      67     261     447    2497     825    2543    2601     956    1772     667    4343    2109     700     738     968     349     194    1239     197       4      10       4       0      10       0      10      14       0       0       1       1       0       3       4       0      68     157      52       3       6     211      28     395     468     424     388     260     348
     850    1005    3358    1035    1103     239     432      33       0      31      11       2      12     150     165     142      54    1074    1428    1241     342      72     961    1047     271     947     438    3019    1401     820     379    3869    3169     126    3269     754     548    1513      45       8      18       0      94     182     189      25     325     238     430     233     480     660    1031      49      53       5    1906    1011     154      48
     124      49      34      79      21      27     343      17      10      99     154     190     185      93     102       0      17     413     338    1375    2255      44     531      36    1929     140      55     223      30     304     374    1157     861      54     626    1235     423     762     857     417    1093     485     203     949     322     258      47       3       5      64     176     564      97      52      19     113     143     103      55    1009
     752     755    1898     396      31    1250    1021     879    1322     681     556    1210     290      61     513     909    2487    2402    5665    1121    1440    1037     457     220      80     117     217     835     955     204      40      60     399     320    4661    2962    1182    1421     966      14     338     726      32     218     512     730       0      14       3       8     917     403     122      14      45       5      27    1120    2712     677
    1113    2716     700     493     415       7     135    1172     659     531      56     326    1889    2034      38     210      69      35      72      18     605    1390    2379     497     587     548     274     360     246     442     325     854     586     146      58     384     315     722     601     429     360     587     178    1154      16      27     140     129     245       8      35      89      34      15     329     456      71     502     875     632
      26     138     119     189     590     749     957    1937      70     118     358     122     363     422     533     659     761    1021    1902     752     333     378     107      30     171     324      62      48      30       0       0      55     600    1138    1976    5046    3600    1896    2573    1210     901    1453    1647     839     534     518    4325    1416     252      67      59       0       6       0       7      28      29     143       8       5
      74     204      87     184     153     373     236     194     114     413    2317     119     301     424    2191    1770     303    2353    3753    7473    6336    1528    2642    3335    2907    5543    2577    6157    7207    7605    2761     696    5661     533     878     205     492     458     318     228    1018     733     930     377     136     577    1989     187     235     462     738     108      29     263      56      34     115     224     327      39
      36     165     277      71     143      31    2134    2503     904    1730    2522    1128     253     192    1545    4399     373    1567    1775    1328    1204     720    1586    1145     808     589    6294    4050    5571    4243    3314    5882    4567    6871    3120    3583    3905    4750    3286    3235    2855    3072    1160    1612     679    2646     850     567    1003    5344    4397    3003    2853    3310    2860    1969    2194    1807     485    2068
     948    1582    1964    2039    2259    2071    2468    2122    4808    2270    2283    1438    1287    1277     355     340      48     162      46       6     168      28      43      54       1       0      29      24      14     420     374     146      10     125      27      61      20      14       0      51       4      27       6      36       0      43      12       1      17       0       3       2       0       6       0     433     200     352       0       0
       0     430     416     831      94      71      74       4      38      50      44      60       9     192       9      61       4     355     403      10       1       4      14       0      32       0      39      84      18      15       6      25       2     210     179      78       4       8     294     941      14     818     334     109       6      14       0     320     824     103      93     296     697      82      54     376     714     279     269     122
      28       4       0       0       0       0       0       0       0       0       0       0       0       0       0       0       0       0       0       0       0       0       0       0       0       0       0       0       0       0       0       0       0       0       0       0       0       0       0       0       0       0       0       0       0       0       0       0       0       0       0       0       0       0       0       0       0       0       0       0
       0     186       0       0       0       0       0       0       0       0       0       0       0       0       0       0       0     130     144     195      62     683    1091     196     582     248     956     725    1096     224     131     274     121     199      59     873      44      12      16     268     949    1065    1363      86      67     146     600    1986     417     433     408     412     993    2027    1876    2284    2552    3160    1478    3741
    1764      49      21     267     187     125     110      42      63     252     605     123     345     535     528     145     337     233     502     375    1454    1187    1071    1813     852     795     800     796    1926    1097     811    1070     186     277    3229    1259     752    1834    1783    1733     592      58     515      54     536     753     947     219     441    2341    1886     382     434     141     295     371      93     383     562     130
     265     226     833     277      93     294    1116     383     356     203      51       3     160     683      11      48      19     801     742     490     467      54     260      19      45     462     558     208     545     441     211     947    1428    2474    4061    1132    1277    1832     434     786     954    3341    2917    2421    1562    2091      67     514      69    1104     809    2172      25      38      75       0       8     148      13     200
      61     321    1450     342     207      75     142     459    1164     140     416    1792     775    1040      16       0      50       0      19       0       0      72      21     179       2     242     114       0     274       0       2      28       2       0      17      40      39     371      11     527       0       0      78      36      66     185      65      48      66      85       6       0    1074    1051      11       0     107       8       3       0
     680     604      97      21       0       0       0     484      12       0     104      45       0       0       0       0       0     128     194     208      38      13     291      77    1565       0       0      87      27    1215      99    2241     152     620    2629    2496    1646    2882    1527     957      55      33    1087     495      28      25    1588       0       0       0       0       0       0       0       0       0       0       0       0       0
       0       0       0       0       0       0       0       0       0       0       0       0       0       0       0       0       0       0       0       0       0       0       0       0       0       0       0       0       0       0       0       0       0       0       0       0       0       0       0       0       0       0       0       0       0       0       0       0       0       0       0       0       0       0       0       0       0       0       0       0
       0       0       0       0       0       0       0       0       0       0       0       0       0       0       0       0       0       0       0       0       0       0       0       0       0       0       0       0       0       0       0       0       0       0       0       0       0       0       0       0       0       0       0       0       0       0       0       0       0       0       0       0       0       0       0       0       0       0       0       0
       0       0       0       0       0       0       0       0       0       0       0       0       0       0       0       0       0       0       0       0       0       0       0       0       0       0       0       0       0       0       0       0       0       0       0       0       0       0       0       0       0       0       0       0       0       0       0       0       0       0       0       0       0       0       0       0       0       0       0       0
       0       0       0       0       0       0       0       0       0       0       0       0       0       0       0       0       0       0       0       0       0       0       0       0       0       0       0       0       0       0       0       0       0       0       0       0       0       0       0       0       0       0       0       0       0       0       0       0       0       0       0       0       0       0       0       0       0       0       0       0
       0       0       0       0       0       0       0       0       0       0       0       0       0       0       0       0       0       0       0       0       0       0       0       0       0       0       0       0       0       0       0       0       0       0       0       0       0       0       0       0       0       0       0       0       0       0       0       0       0       0       0       0       0       0       0       0       0       0       0       0
       0       0       0       0       0       0       0       0       0       0       0       0       0       0       0       0       0       0       0       0       0       0       0       0       0       0       0       0       0       0       0       0       0       0       0       0       0       0       0       0       0       0       0       0       0       0       0       0       0       0       0       0       0       0       0       0       0       0       0       0
       0       0       0       0       0       0       0       0       0       0       0       0       0       0       0       0       0       0       0       0       0       0       0       0       0       0       0       0       0       0       0       0       0       0       0       0       0       0       0       0       0       0       0       0       0       0       0       0       0       0       0       0       0       0       0       0       0       0       0       0
       0       0       0       0       0       0       0       0       0       0       0       0       0       0       0       0       0       0       0       0       0       0       0       0       0       0       0       0       0       0       0       0       0       0       0       0       0       0       0       0       0       0       0       0       0       0       0       0       0       0       0       0       0       0       0       0       0       0       0       0
       0       0       0       0       0       0       0       0       0       0       0       0       0       0       0       0       0       0       0       0       0       0       0       0       0       0       0       0       0       0       0       0       0       0       0       0       0       0       0       0       0       0       0       0       0       0       0       0       0       0       0       0       0       0       0       0       0       0       0       0
       0       0       0    2551     328     901     369     817     374     308     206     111     535     431     107      18      22      43     204      65      41      78     134     145     279      84      41      59     226      45     725      83     109      75      15      56     606     527     268     220     163     232     190      56      90      76      67      27      85     522    1189     323     565    1859    2065    1201    2489     597     122      66
     155     122     113     342     498     299     408    1018    1445    1088      18    1979     847     594    5958     778    2376     464     413     433    1033     634     592     975    2041    1968     728    2123    2211    1171    1321     244     188      26      79      64      42     231     299      40      93       0      18     109     161     365       0     238      90     235      78      35      24       8      21     782      14      38      89      26
      70      56      64     578     889       1      16       0       8     134      52      67     907      17      31      35      19     265      97       6      19    1206     989    1190    1571    2104    1608    1211    1626     581     272     388     149     249    1385     348     405     258     320     311    2060    2921    1374     431    1095     520     200     720     427     711    1850    1567     621      32     401    2953     362     927     690     307
    1002    1445     505     662    1198     257     832     358     474     846    1191     211     282     552     600    1462     875    2779    2411    2217     136     613    1698     557    1025     621     381    1018    1561    1204    2523     518    1407    1444     922     478    2258      20     147    1750       0     133     130       1      22      22      20       7      67       4     344     383     210     433     258    2583     492     570     611     517
    1602     734    1133     177     553     740     680    6385    2792     176    3283     919     893    1149    2076     591     894     581     826    5779    2272     447    1704    2239      61     518       8     139      10      34       2       5     384      40     854     378     219      18     170     103     698     524    1835    1186     244     472      33       0      17      46       6     143      27      99      52     126     561     148     105      44
     240     174      43      83      19      57     881     509    1333     762     219      25     214    1219       2     121     133       6     126      22      13     497    3557    1089     729      96     391     499    1194    2056    2601    2178    1613    1986    2125    2410    2839    2624     977     111    1724    4241    1692     371     808    2818    4545    1491     957     650    1878    2430    1017    2160    1195    2480     976     654    1746    2082
    1877    2415    2672    1319    2228    3499    1805     421     964     165     299     378    1098     815     474     974     793     968    1186    1404     821     461     811    1025    1094     724     851    1357     622     201     296    1248     257      61     107     892     461     336     114     446     215     308     574     224     110     252     239     380     788    1090    1611    1041     549    1026     732    1282     334     576     672     466
     589    1553     374     234    1159     322     848     819    1507     960    1089    2076     862    2694    1960    1229    1021     245      58      12     172     857     115      12     112     110     187      80    1324      93     429     148     572     312      55     144     418     107     249     355     338     678     283     523     829    1391     281     195     253     176     125     469     584    1004     927    1544    1036    1601    1503     406
      97     162     793     210     146       7     873    2294     818     151    2118     107      60      20       4      23      38       0    1472      49       6      64     416      22      10      44      69      53    1604      14    2726      12     104       6     320     173      40      62      12     180      68      26     166     446       2     435      23     647    1089    1168     493    1541       0      68     155     124      24     260      88       3
       0       0     159     204     125     945     482     240      38     937     151     234     777     572    1995       4     120       0       0       1       0     112      16     167    1037      30      47      23       0    1173    1479    1595      88      62      82      52      71    1094    1903    2297    3243    1185     589    1543    1285     664     915     437     502    2183      92      16    1565     137     436    1125     503     963     323      43
      36     135     214      86    1153     473     223     996      22      12     565     710      51     343      69     238      66     107      60     306     187     151     108     191     563      80      35     192      20       0     128      11      21     112       0     523     586     160     354     170     143      83     166      25     145      98     129     110       7      44      13      76     249     442     151      55     100      31      18       7
     101     326     203      64     586      19      23      11     139     296     666    1370     328      47    1548     154    1159     752      39      38       6     100     153      81      88      28     185      57      45      28    1034     960    3473     741      11      61      50       5      10     277     176    2237    3699     276     505     324      17     194    2626    1897     298    1608    2707     695       0       2      12       3       0       1
       0    2099    1897    3962     547       0     892     213       0       0       0       0       0       0       0       0       0       0       0       0       0       0       0       0       0       0       0       0       0       0       0       0       0       0       0       0       0       0       0       0       0       0       0       0       0       0       0       0       0       0       0       0       0       0       0       0       0       0       0       0
       0       0       0       0       0       0       0       0       0       0       0       0       0       0       0       0       0       0       0       0       0       0       0       0       0       0       0       0       0       0       0       0       0       0       0       0       0       0       0       0       0       0       0       0       0       0       0       0       0       0       0       0       0       0       0       0       0       0       0       0
       0       0       0       0       0       0       0       0       0       0       0       0       0       0       0       0       0       0       0       0       0       0       0       0       0       0       0       0       0       0       0       0       0       0       0       0       0       0       0       0       0       0       0       0       0       0       0       0       0       0       0       0       0       0       0       0       0       0       0       0
       0       0       0       0       0       0       0       0       0       0       0       0       0       0       0       0       0       0       0       0       0       0       0       0       0       0       0       0       0       0       0       0       0       0       0       0       0       0       0       0       0       0       0       0       0       0       0       0       0       0       0       0       0       0       0       0       0       0       0       0
       0       0       0       0       0       0       0       0       0       0       0       0       0       0       0       0       0       0       0       0       0       0       0       0       0       0       0       0       0       0       0       0       0       0       0       0       0       0       0       0       0       0       0       0       0       0       0       0       0       0       0       0       0       0       0       0       0       0       0       0
       0       0       0       0       0       0       0       0       0       0       0       0       0       0       0       0       0       0       0       0       0       0       0       0       0       0       0       0       0       0       0       0       0       0       0       0       0       0       0       0       0       0       0       0       0       0       0       0       0       0       0       0       0       0       0       0       0       0       0       0
       0       0       0       0       0       0       0       0       0       0       0       0       0       0       0       0       0       0       0       0       0       0       0       0       0       0       0       0       0       0       0       0       0       0       0       0       0       0       0       0       0       0       0       0       0       0       0       0       0       0       0       0       0       0       0       0       0       0       0       0
       0       0       0       0       0       0       0       0       0       0       0       0       0       0       0       0       0       0       0       0       0       0       0       0       0       0       0       0       0       0       0       0       0       0       0       0       0       0       0       0       0       0       0       0       0       0       0       0       0       0       0       0       0       0       0       0       0       0       0       0
       0       0       0       0       0       0       0       0       0       0       0       0       0       0       0       0       0       0       0       0       0       0       0       0       0       0       0       0       0       0       0       0       0       0       0       0       0       0       0       0       0       0       0       0       0       0       0       0       0       0       0       0       0       0       0       0       0       0       0       0
       0       0       0       0       0       0       0       0       0       0       0       0       0       0       0       0       0       0       0       0       0       0       0       0       0       0       0       0       0       0       0       0       0       0       0       0       0       0       0       0       0       0       0       0       0       0       0       0       0       0       0       0       0       0       0       0       0       0       0       0
       0       0       0       0       0       0       0       0       0       0       0       0       0       0       0       0       0       0       0       0       0       0       0       0       0       0       0       0       0       0       0       0       0       0       0       0       0       0       0       0       0       0       0       0       0       0       0       0       0       0       0       0       0       0       0       0       0       0       0       0
       0       0       0       0       0       0       0       0       0       0       0       0       0       0       0       0       0       0       0       0       0       0       0       0       0       0       0       0       0       0       0       0       0       0       0       0       0       0       0       0       0       0       0       0       0       0       0       0       0      37       0       0       0       0       0       0       0       0       0       0
       0       0       0       0       0       0       0       0       0    1550    2658    3139     485     546    1249     352     385     291    2191    4474    3226     962     972     441      68     132     198     764     617     243    1259     257     248      40     118      78     605    1316     406    2692    1802    3197    4282    6097    3074     299     104      21       3     126      48      95     138      39     140     603     151     178     306     104
     489     463     293     242     217      77      76     155     148     118     216     236     454     336      87     632     204     626     102      30     309      51     193     248     145     235     471     153     121    1420    1957    1653    1718    1992    1162    1148     971    1529    5409     876     475     240     509     367     100     313     155     148     124      72       5      38      30     382     569     494     555    2402      94      44
     963     142     858     369      37     503     198      20     194      61      62      95      96     719    1615     820     602     146     154      64     255     141     116     332     438     408     261     513     375     188     201    1039    1924    2172    1420    1663    1973    3213    1673    1924    1133     651    2546    5743    1761    2890    3070    1411    4990    3779    4665    3089    3654    1487     945    1081    2141    3908    1278    2783
    1832     521     789     325     104       9    1388    1065     451      43      37      58     106     270     761     391     362     456    1017    1392     136    1683    1209     702     724    1564     282       2    3893    1033    1059     397     297     298      26     142       9       8       0       7      18      36       2      63      15      53      48     463      43     508     571      11      62    1003    1289      86     585    1044     680     486
     440    2176     973     362     218     210      63      62     157     267     407      38     704      59     870       4     772     181      21     509      84    1505     420     244      28     903      92     130     161     112    2486     570     625     719     196     346     329     260      25      20     106       6     206     124      68     139     362      39     984    1726    5281     761     874    1763    1025     687      19     146     311     499
     198    1940     101      15     321     180      99     454    1358     218     753    1887     508     333     567     348     482     734     561     712    1576    1723    1696    1483    1429     883     265    2182    1737     975     674     682     203     500     732     673     607    1357    1625     869     343      80       0     243     914     128     185     238      36     103     285     128      36      75     244     181    1018    1055    1568     389
     115     536     478     128    1131     537     538     426     130     173     529     130     674     727     153      35     650     485     177      25      57     347      79     216      64     779     587    4010     425     284    1944    1048    1187     625    2188     415     427     473    6572    4602    1113    2611    3398    1680    2369    3530     708      71       0     226     455     359     214     542     810     112     143     465     159     829
      68     633     125     111    3345    1910     173      92      63     462     685     187     695      14     178     215     415    1391      11     301     246      51      51     313      43    1024    1435    1013     731     639     497     173    1229    1208      12     286     389    1176      22       0      94     635     188     569     990     256     755    1117     453     731     148     775     346    1196     364     973     342    1305     658    4333
     121     246     206     582     489     193    1179     113     132     344     194      42     202      43      12     185      70     133     161      45      25      77     348     156     124     252     354    1159     397     731     281    1840     743     653     485     114     431     387    1109    1297    1416     870    1499     387     626     434     286     235     363     140      15     404     406     218      11       8      33       4       3       0
      88      60      48      15     803      79      10     611      39     323    1762     233      25    1121    3003     855    3804     295     205     210      58     227     140      57      22     385     752     637      51     106      53      13       0      10       0      34      37      43      21      22      26      42      33      32      48      31      53      30     344     152      88      45      20       8      25     129      92      60     110      65
     484     785     796    2633    1229     579     435    2290     400      29     223     136     537     663    3709     842     247     679     533      32     596     348      34      21     292     194    1048     334      46      92     445     437      50    1053     163      61      37      70     141     756     111    1323       1      13     888       0       0       0       0       0       0       0       0       0       0       0       0       0       0       0
       0       0       0       0       0       0       0       0       0       0       0       0       0       0       0       0       0       0       0       0       0       0       0       0       0       0       0       0       0       0       0       0       0       0       0       0       0       0       0       0       0       0       0       0       0       0       0       0     944      66       0       0       0       0       0       0       0       0       0       0
       0       0       0       0       0    1125       0       0       0       0       0       0       0       0       0       0       0       0       0       0       0       0       0       0       0       0       0       0       0       0       0       0       0       0       0       0       0       0       0       0       0       0       0       0       0       0       0       0       0       0       0       0       0       0       0       0       0       0       0       0
       0       0       0       0       0       0       0       0       0       0       0       0       0       0       0       0       0       0       0       0       0       0       0       0       0       0       0       0       0       0       0       0       0       0       0       0       0       0       0       0       0       0       0       0       0       0       0       0       0       0       0       0       0       0       0       0       0       0       0       0
       0       0       0       0       0       0       0       0       0       0       0       0       0       0       0       0       0       0       0       0       0       0       0       0       0       0       0       0       0       0       0       0       0       0       0       0       0       0       0       0       0       0       0       0       0       0       0       0       0       0       0       0       0       0       0       0       0       0       0       0
       0       0       0       0       0       0       0       0       0       0       0       0       0       0       0       0       0       0       0       0       0       0       0       0       0       0       0       0       0       0       0       0       0       0       0       0       0       0       0       0       0       0       0       0       0       0       0       0       0       0       0       0       0       0       0       0       0       0       0       0
       0       0       0       0       0       0       0       0       0       0       0       0       0       0       0       0       0       0       0       0       0       0       0       0       0       0       0       0       0       0       0       0       0       0       0       0       0       0       0       0       0       0       0       0       0       0       0       0       0       0       0       0       0       0       0       0       0       0       0       0
       0       0       0       0       0       0       0       0       0       0       0       0       0       0       0       0       0       0       0       0       0       0       0       0       0       0       0       0       0       0       0       0       0       0       0       0       0       0       0       0       0       0       0       0       0       0       0       0       0       0       0       0       0       0       0       0       0       0       0       0
       0       0       0       0       0       0       0       0       0       0       0       0       0       0       0       0       0       0       0       0       0       0       0       0       0       0       0       0       0       0       0       0       0       0       0       0       0       0       0       0       0       0       0       0       0       0       0       0       0       0       0       0       0       0       0       0       0       0       0       0
       0       0       0       0       0       0       0       0       0       0       0       0       0       0       0       0       0       0       0       0       0       0       0       0       0       0       0       0       0       0       0       0       0       0       0       0       0       0       0       0       0       0       0       0       0       0       0       0       0       0       0       0       0       0       0       0       0       0       0       0
       0       0       0       0       0       0       0       0       0       0       0       0       0       0       0       0       0       0       0       0       0       0       0       0       0       0       0       0       0       0       0       0       0       0       0       0       0       0       0       0       0       0       0       0       0       0       0       0       0       0       0       0       0       0       0       0       0       0       0       0
       0       0       0       0       0       0       0       0       0       0       0       0       0       0       0       0       0       0       0       0       0       0       0       0       0       0       0       0       0       0       0       0       0       0       0       0       0       0       0       0       0       0       0       0       0       0       0       0       0       0       0       0       0       0       0       0       0       0       0       0
       0       0       0       0       0       0       0       0       0       0       0       0       0       0       0       0       0       0       0       0       0       0       0       0       0       0       0       0       0       0       0       0       0       0       0       0       0       0       0       0       0       0       0       0       0       0       0       0       0       0       0       0       0       0       0       0       0       0       0       0
       0       0       0       0       0       0       0       0       0       0       0       0       0       0       0       0       0       0       0       0       0       0       0       0       0       0       0       0       0       0       0       0       0    1779    3985    2607     579     339     393    1159    1186      66    1103     223    1853     403       6      10      17       0       0      48       7       2      44       6     150      14      10      72
      13     341     341     409     340     333    1841     858    1043     807     190     215    1109    1411     487     209     212      37    1138    2688    4225    3323     724     354     356    2858    4283    3358    2956    3420     230     923     978       9      60      19      22      17      54    2074     281    1200      30     150    1562     574     396    6626    6053    4457     675     147     101     229     127     307     574      41     422     746
     210     139      71      18     292     462       1      42      84     226     183     164     135     333     496     211     544     335     864     406     346    1011     777     177     197     169    1302    1783     723    1305    1253    2594    3752     582     248     525     106     282     173     265     313     513     281     597     120      74     374    2210     145     131     612      82      98     248    1173     630      18     207     685      81
     507    1074    1636    1129    1027    2283    3661     163     263     311     157     255      12     323     399     400     965     107     145      19      79    1624    4985    1872     434      92     111      98    1338    5749     987     757    6907    3575     700    2423     699    4502    1874    4104    4823    3615    4681    2987    1485    1150    1189     942    2112     649    1038     153      57     230      21      23    1018     814     557     861
     363    3249    4646    2576     683     989     706     572     171      29      23       7       0     893     158     582    1080     294      26      44      34      28      19       0      27       4      51      31      18     362       7      78      93     113     391     412     169     153     312     765     568      64     324     914    1097     769    3984    4969    2521    3701    1399     208     124     119     485     723     633     718     724     977
     720     110      37     122      96      54     738     304      75     447     303     470     131     664     146    1448     469     186     206    1256    1856    2997    1448     996     434     222      77     644     262     511     808     278     527     122     265     160     799     166      76     190     252     495     388    1580    1204    1061    4502    2201    2000    1396    2017    7262    5562    1924    2402    5184    5760    5128    3305    5154
    2977    6483    9228    1964     630     567    4340    1087    4186    5919    3451    4540    5520    2204    3801     901    2313    2619    2348    2589     107    1471    1719    1978    1814    1255    1787    1805     340    6958    5559    2284     542     711     397     243     129     158     268     258     225     232      42     190     324     281     372     491     216      66      43     294     467     118     287     365    1523     200     769     374
     153     106    8200    1099     214     957     273     232     253     120     222     322     304      62     268    1553     250     756     133     123    1096     287     697     777     406    2246     413    3049    1122    1915    2578     850    2679    2660    2734     625     805    3591    2198     253      45     795    3961    2082    2524    2075    3137    1527    3747    1562    4030     992    3091    2557    1716     733    1957    1049     281     142
     244    1415      10      51    3568    1014     613     556     653     694    1363    1340    1029     986       8      47      35      86     150     306    1336    1971    3742    2478    3093     430     142       7       0      18       0       0       2      13      54       5      30      19      14       1       5      46       3      11      40      62      34      16      23       3     103      25     326     120     326     963     648      23       4       5
      12       0       0    1203     572     387     100     879    2908     953     498     163     198     110     165     713     160      81      85      12     396      54      11       0       0       0     173     447    1093    1414     145     173     809     724      82     708    1908    2647     498    1235    4121     118     150     611     989     361     867     694    1517    3102    2178    4153    1392    2471    2713    1126      63     107     141     173
     280     914     415     883     300     164     350     491     313     162    1359    1661    4494    1174     256     473    3530    5303    4237    2573    1905    6881    1587    2348    2316    2965    4125    1882    5369    2022    3649    5056    1191    1821    1597    2632    2423    3131     499     955     672    4842    4852    3073    4069    5511    2047    1795    5026    4107    2647       0    1561    5209    2465    4159    3419    2730     932    1608
    2187    2252    2843    1043     246    1766     428     489    2299     715     166     176    1806     122     220     970    2219    2900    2854     181     296    2594    3232    3440    1759     830     867    5055    1203      48    1866    3049    9043    1590    3119    5150    2833    1663     724     640     111     879    2149    1037     174     641     478     571    1709    2818     290      17      99      12     893       0     573     257     602     551
     111     306     315     158     144     653     212     233     372    1770    1487      51     318      25      55      65     161     860    1422    1518     176     114     555    1016      25    1563    3364     645    1045    1864    1083    9025    2775    5725     253     820      69       4     319     146     775    4292    2241    1452       0    2197     152       3     235     127     915     641     443     326     916    1129     613    1392      75     187
    2045    1726     311     339    1291    1389     875     449    1078    2997    8291     991    1901    1850    1068     666    2701    1769    2415    1213     699     359      88     162     957     357    1123     260      63     137     288     540     353      91     160     480     180     140     114     113      31      92     311     535    1683    2593     657     603    2313    3037    5362    1221    2728    5492    1201    3045    1060     883     409     684
       6      88     102     130     495     423     133     815     203     185    3015    1930    3361    1296    2377    2424    4662    1121       0       0       0       0       0       0       0       0       0       0       0       0       0       0       0       0       0       0       0       0       0       0       0       0       0       0       0       0       0       0       0       0       0       0       0       0       0       0       0       0       0       0
       0       0       0       0       0       0       0       0       0       0       0       0       0       0       0       0       0       0       0       0       0       0       0       0       0       0       0       0       0       0       0       0       0       0       0       0       0       0       0       0       0       0       0       0       0       0       0       0       0       0       0       0       0       0       0       0       0       0       0       0
       0       0       0       0       0       0       0       0       0       0       0       0       0       0       0       0       0       0       0       0       0       0       0       0       0       0       0       0       0       0       0       0       0       0       0       0       0       0       0       0       0       0       0       0       0       0       0       0       0       0       0       0       0       0       0       0       0       0       0       0
       0       0       0       0       0       0       0       0       0       0       0       0       0       0       0       0       0       0       0       0       0       0       0       0       0       0       0       0       0       0       0       0       0       0       0       0       0       0       0       0       0       0       0       0       0       0       0       0       0       0       0       0       0       0       0       0       0       0       0       0
       0       0       0       0       0       0       0       0       0       0       0       0       0       0       0       0       0       0       0       0       0       0       0       0       0       0       0       0       0       0       0       0       0       0       0       0       0       0       0       0       0       0       0       0       0       0       0       0       0       0       0       0       0       0       0       0       0       0       0       0
       0       0       0       0       0       0       0       0       0       0       0       0       0       0       0       0       0       0       0       0       0       0       0       0       0       0       0       0       0       0       0       0       0       0       0       0       0       0       0       0       0       0       0       0       0       0       0       0       0       0       0       0       0       0       0       0       0       0       0       0
       0       0       0       0       0       0       0       0       0       0       0       0       0       0       0       0       0       0       0       0       0       0       0       0       0       0       0       0       0       0       0       0       0       0       0       0       0       0       0       0       0       0       0       0       0       0       0       0       0       0       0       0       0       0       0       0       0       0       0       0
       0       0       0       0       0       0       0       0       0       0       0       0       0       0       0       0       0       0       0       0       0       0       0       0       0       0       0       0       0       0       0       0       0       0       0       0       0       0       0       0       0       0       0       0       0       0       0       0       0       0       0       0       0       0       0       0       0       0       0       0
       0       0       0       0       0       0       0       0       0       0       0       0       0       0       0       0       0       0       0       0       0       0       0       0       0       0       0       0       0       0       0       0       0       0       0       0       0       0       0       0       0       0       0       0       0       0       0       0       0       0       0       0       0       0       0       0       0       0       0       0
       0       0       0       0       0       0       0       0       0       0       0       0       0       0       0       0       0       0       0       0       0       0       0       0       0       0       0       0       0       0       0       0       0       0       0       0       0       0       0       0       0       0       0       0       0       0       0       0       0       0       0       0       0       0       0       0       0       0       0       0
       0       0       0       0       0       0       0       0       0       0       0       0       0       0       0       0       0       0       0       0       0       0       0       0       0       0       0       0       0       0       0       0       0    2629    2112     500     164     170     494     591     601    1038     343     731     110       3      42     228      65     108     364     195     194     102      90     527     917     232    1259    1500
     920    1274     416     211     618     828     760      19     626     763     181     873     616     165     421    2973    3366    3475    2876    1080    2058     835     124      74     458    1882    2961    3025    5365    3001      25     114     248      57     178      63      16     190     118      88      26      54       6      59      72      22      12      32     222     226      61     131     448      15      24     177      40     304      82      15
      30      26      58     256      68       6     110     191     233      35     120     321     567     403     350     121     172     165     290     370     786    4329    1478     289     219      71      49      70     715      91     821    3200    1363     171     353       0      27    1051       0       0       0       0       0       0     494    2463    1229      47     109      19       0       0      82      23      52      72      66      10      11      12
       3       2       3      11      10       1      11       2      87      49      22      39      47      59      86      26      52      75     127     128     112     120    2785    2746     821    1664     985     670    1124    1126     384     609       0       0       0       0       0       0       0       0       0       0       0       0       0       0       0       0       0       0      83       0       0       0       0       0       0       0   -4180